4294967279,117
4294967279,116
4294967279,115
4294967279,114
4294967279,113
4294967279,112
4294967279,111
4294967279,110
4294967279,109
4294967279,108
4294967279,107
4294967279,106
4294967279,105
4294967279,104
4294967279,103
4294967279,102
4294967278,36
4294967278,34
4294967278,33
4294967278,32
4294967278,31
4294967278,30
4294967278,29
4294967278,28
4294967278,27
4294967278,26
4294967278,25
4294967278,24
4294967278,23
4294967278,22
4294967278,21
4294967278,20
4294967278,19
4294967278,18
4294967278,17
4294967278,16
4294967278,15
4294967278,14
4294967278,13
4294967278,12
4294967278,11
4294967278,10
4294967278,9
4294967278,8
4294967278,7
4294967278,6
4294967278,5
4294967278,4
4294967279,132
4294967279,131
4294967279,130
4294967279,129
4294967279,128
4294967279,127
4294967279,126
4294967279,125
4294967279,124
4294967279,123
4294967279,122
4294967279,121
4294967279,120
4294967279,119
4294967279,118
4294967279,19
4294967279,17
4294967279,14
4294967278,282
4294967279,288
4294967294,116
4294967294,168
4294967294,162
4294967294,384
4294967294,188
4294967294,12
4294967294,127
4294967294,18
4294967294,11
4294967278,152
4294967278,281
4294967278,148
4294967278,280
4294967278,35
4294967294,22
4294967278,144
7,8
7,7
4294967278,143
7,6
7,5
4294967278,142
7,4
7,3
7,2
7,1
4294967279,287
4294967278,141
4294967294,472
4294967294,0
4294967278,140
6,9
4294967278,139
6,8
6,7
4294967278,138
6,6
6,5
4294967278,275
6,4
6,3
6,2
6,1
4294967279,276
4294967278,136
4294967294,387
4294967294,1152
4294967294,1023
4294967294,439
4294967278,135
5,7
4294967278,134
5,6
4294967279,133
5,5
4294967278,133
5,4
4294967279,286
4294967279,21
5,3
5,2
5,1
4294967279,274
4294967278,273
4294967294,38
4294967294,37
4294967294,36
4294967294,40
4294967294,39
4294967294,393
4294967294,392
4294967294,388
4294967294,115
4294967279,273
4294967294,76
4294967294,41
4294967278,272
4294967279,272
4,7
4,6
4294967279,271
4,5
4,4
4294967279,270
4,3
4,2
4,1
4294967279,269
4294967294,120
4294967294,977
4294967294,976
4294967294,971
4294967294,163
4294967294,1029
4294967294,182
4294967294,185
4294967279,285
4294967279,16
4294967294,396
4294967294,409
4294967294,187
4294967294,186
4294967294,407
4294967294,385
4294967294,179
4294967294,398
4294967294,457
4294967294,164
4294967294,184
4294967294,119
4294967279,268
3,7
3,6
4294967279,267
3,5
4294967278,279
3,4
4294967279,284
3,3
3,2
3,1
4294967294,389
4294967294,429
4294967294,29
4294967294,984
4294967279,266
4294967294,107
4294967294,7
4294967294,6
4294967294,94
4294967294,93
4294967294,96
4294967294,95
4294967279,265
2,6
2,5
4294967279,0
2,4
2,3
2,2
2,1
4294967278,278
4294967278,260
4294967278,0
4294967279,263
4294967294,8
0,7
4294967294,45
4294967294,44
4294967294,425
4294967294,43
4294967294,53
4294967294,52
4294967294,417
4294967294,51
4294967294,990
4294967294,419
4294967294,92
4294967294,91
4294967294,90
4294967294,88
4294967294,87
4294967294,86
4294967294,85
4294967294,84
4294967294,1035
4294967294,82
4294967294,69
4294967279,262
4294967294,5
4294967294,104
4294967294,106
4294967294,166
4294967294,175
4294967294,183
4294967294,176
4294967278,132
4294967278,131
4294967278,130
4294967278,129
4294967278,128
4294967278,127
4294967278,126
4294967278,125
4294967278,124
4294967278,123
4294967278,122
4294967278,121
4294967278,120
4294967278,119
4294967278,118
4294967278,117
4294967278,116
4294967278,115
4294967278,114
4294967278,113
4294967278,112
4294967278,111
4294967278,110
