Payment Charge Table (NGN)
Assumption: Paytech 20% is added first; Paystack 1.5% is then applied on (Base + Paytech charge).

Base       Paytech(20%)    Subtotal        Paystack(1.5%)    Final Total 
---------- --------------- --------------- ----------------- ------------
1000.00    200.00          1200.00         18.00             1218.00     
1100.00    220.00          1320.00         19.80             1339.80     
1200.00    240.00          1440.00         21.60             1461.60     
1300.00    260.00          1560.00         23.40             1583.40     
1400.00    280.00          1680.00         25.20             1705.20     
1500.00    300.00          1800.00         27.00             1827.00     
1600.00    320.00          1920.00         28.80             1948.80     
1700.00    340.00          2040.00         30.60             2070.60     
1800.00    360.00          2160.00         32.40             2192.40     
1900.00    380.00          2280.00         34.20             2314.20     
2000.00    400.00          2400.00         36.00             2436.00     
2100.00    420.00          2520.00         37.80             2557.80     
2200.00    440.00          2640.00         39.60             2679.60     
2300.00    460.00          2760.00         41.40             2801.40     
2400.00    480.00          2880.00         43.20             2923.20     
2500.00    500.00          3000.00         45.00             3045.00     
2600.00    520.00          3120.00         46.80             3166.80     
2700.00    540.00          3240.00         48.60             3288.60     
2800.00    560.00          3360.00         50.40             3410.40     
2900.00    580.00          3480.00         52.20             3532.20     
3000.00    600.00          3600.00         54.00             3654.00     
3100.00    620.00          3720.00         55.80             3775.80     
3200.00    640.00          3840.00         57.60             3897.60     
3300.00    660.00          3960.00         59.40             4019.40     
3400.00    680.00          4080.00         61.20             4141.20     
3500.00    700.00          4200.00         63.00             4263.00     
3600.00    720.00          4320.00         64.80             4384.80     
3700.00    740.00          4440.00         66.60             4506.60     
3800.00    760.00          4560.00         68.40             4628.40     
3900.00    780.00          4680.00         70.20             4750.20     
4000.00    800.00          4800.00         72.00             4872.00     
4100.00    820.00          4920.00         73.80             4993.80     
4200.00    840.00          5040.00         75.60             5115.60     
4300.00    860.00          5160.00         77.40             5237.40     
4400.00    880.00          5280.00         79.20             5359.20     
4500.00    900.00          5400.00         81.00             5481.00     
4600.00    920.00          5520.00         82.80             5602.80     
4700.00    940.00          5640.00         84.60             5724.60     
4800.00    960.00          5760.00         86.40             5846.40     
4900.00    980.00          5880.00         88.20             5968.20     
5000.00    1000.00         6000.00         90.00             6090.00     
5100.00    1020.00         6120.00         91.80             6211.80     
5200.00    1040.00         6240.00         93.60             6333.60     
5300.00    1060.00         6360.00         95.40             6455.40     
5400.00    1080.00         6480.00         97.20             6577.20     
5500.00    1100.00         6600.00         99.00             6699.00     
5600.00    1120.00         6720.00         100.80            6820.80     
5700.00    1140.00         6840.00         102.60            6942.60     
5800.00    1160.00         6960.00         104.40            7064.40     
5900.00    1180.00         7080.00         106.20            7186.20     
6000.00    1200.00         7200.00         108.00            7308.00     
6100.00    1220.00         7320.00         109.80            7429.80     
6200.00    1240.00         7440.00         111.60            7551.60     
6300.00    1260.00         7560.00         113.40            7673.40     
6400.00    1280.00         7680.00         115.20            7795.20     
6500.00    1300.00         7800.00         117.00            7917.00     
6600.00    1320.00         7920.00         118.80            8038.80     
6700.00    1340.00         8040.00         120.60            8160.60     
6800.00    1360.00         8160.00         122.40            8282.40     
6900.00    1380.00         8280.00         124.20            8404.20     
7000.00    1400.00         8400.00         126.00            8526.00     
7100.00    1420.00         8520.00         127.80            8647.80     
7200.00    1440.00         8640.00         129.60            8769.60     
7300.00    1460.00         8760.00         131.40            8891.40     
7400.00    1480.00         8880.00         133.20            9013.20     
7500.00    1500.00         9000.00         135.00            9135.00     
7600.00    1520.00         9120.00         136.80            9256.80     
7700.00    1540.00         9240.00         138.60            9378.60     
7800.00    1560.00         9360.00         140.40            9500.40     
7900.00    1580.00         9480.00         142.20            9622.20     
8000.00    1600.00         9600.00         144.00            9744.00     
8100.00    1620.00         9720.00         145.80            9865.80     
8200.00    1640.00         9840.00         147.60            9987.60     
8300.00    1660.00         9960.00         149.40            10109.40    
8400.00    1680.00         10080.00        151.20            10231.20    
8500.00    1700.00         10200.00        153.00            10353.00    
8600.00    1720.00         10320.00        154.80            10474.80    
8700.00    1740.00         10440.00        156.60            10596.60    
8800.00    1760.00         10560.00        158.40            10718.40    
8900.00    1780.00         10680.00        160.20            10840.20    
9000.00    1800.00         10800.00        162.00            10962.00    
9100.00    1820.00         10920.00        163.80            11083.80    
9200.00    1840.00         11040.00        165.60            11205.60    
9300.00    1860.00         11160.00        167.40            11327.40    
9400.00    1880.00         11280.00        169.20            11449.20    
9500.00    1900.00         11400.00        171.00            11571.00    
9600.00    1920.00         11520.00        172.80            11692.80    
9700.00    1940.00         11640.00        174.60            11814.60    
9800.00    1960.00         11760.00        176.40            11936.40    
9900.00    1980.00         11880.00        178.20            12058.20    
10000.00   2000.00         12000.00        180.00            12180.00    
10100.00   2020.00         12120.00        181.80            12301.80    
10200.00   2040.00         12240.00        183.60            12423.60    
10300.00   2060.00         12360.00        185.40            12545.40    
10400.00   2080.00         12480.00        187.20            12667.20    
10500.00   2100.00         12600.00        189.00            12789.00    
10600.00   2120.00         12720.00        190.80            12910.80    
10700.00   2140.00         12840.00        192.60            13032.60    
10800.00   2160.00         12960.00        194.40            13154.40    
10900.00   2180.00         13080.00        196.20            13276.20    
11000.00   2200.00         13200.00        198.00            13398.00    
11100.00   2220.00         13320.00        199.80            13519.80    
11200.00   2240.00         13440.00        201.60            13641.60    
11300.00   2260.00         13560.00        203.40            13763.40    
11400.00   2280.00         13680.00        205.20            13885.20    
11500.00   2300.00         13800.00        207.00            14007.00    
11600.00   2320.00         13920.00        208.80            14128.80    
11700.00   2340.00         14040.00        210.60            14250.60    
11800.00   2360.00         14160.00        212.40            14372.40    
11900.00   2380.00         14280.00        214.20            14494.20    
12000.00   2400.00         14400.00        216.00            14616.00    
12100.00   2420.00         14520.00        217.80            14737.80    
12200.00   2440.00         14640.00        219.60            14859.60    
12300.00   2460.00         14760.00        221.40            14981.40    
12400.00   2480.00         14880.00        223.20            15103.20    
12500.00   2500.00         15000.00        225.00            15225.00    
12600.00   2520.00         15120.00        226.80            15346.80    
12700.00   2540.00         15240.00        228.60            15468.60    
12800.00   2560.00         15360.00        230.40            15590.40    
12900.00   2580.00         15480.00        232.20            15712.20    
13000.00   2600.00         15600.00        234.00            15834.00    
13100.00   2620.00         15720.00        235.80            15955.80    
13200.00   2640.00         15840.00        237.60            16077.60    
13300.00   2660.00         15960.00        239.40            16199.40    
13400.00   2680.00         16080.00        241.20            16321.20    
13500.00   2700.00         16200.00        243.00            16443.00    
13600.00   2720.00         16320.00        244.80            16564.80    
13700.00   2740.00         16440.00        246.60            16686.60    
13800.00   2760.00         16560.00        248.40            16808.40    
13900.00   2780.00         16680.00        250.20            16930.20    
14000.00   2800.00         16800.00        252.00            17052.00    
14100.00   2820.00         16920.00        253.80            17173.80    
14200.00   2840.00         17040.00        255.60            17295.60    
14300.00   2860.00         17160.00        257.40            17417.40    
14400.00   2880.00         17280.00        259.20            17539.20    
14500.00   2900.00         17400.00        261.00            17661.00    
14600.00   2920.00         17520.00        262.80            17782.80    
14700.00   2940.00         17640.00        264.60            17904.60    
14800.00   2960.00         17760.00        266.40            18026.40    
14900.00   2980.00         17880.00        268.20            18148.20    
15000.00   3000.00         18000.00        270.00            18270.00    
15100.00   3020.00         18120.00        271.80            18391.80    
15200.00   3040.00         18240.00        273.60            18513.60    
15300.00   3060.00         18360.00        275.40            18635.40    
15400.00   3080.00         18480.00        277.20            18757.20    
15500.00   3100.00         18600.00        279.00            18879.00    
15600.00   3120.00         18720.00        280.80            19000.80    
15700.00   3140.00         18840.00        282.60            19122.60    
15800.00   3160.00         18960.00        284.40            19244.40    
15900.00   3180.00         19080.00        286.20            19366.20    
16000.00   3200.00         19200.00        288.00            19488.00    
16100.00   3220.00         19320.00        289.80            19609.80    
16200.00   3240.00         19440.00        291.60            19731.60    
16300.00   3260.00         19560.00        293.40            19853.40    
16400.00   3280.00         19680.00        295.20            19975.20    
16500.00   3300.00         19800.00        297.00            20097.00    
16600.00   3320.00         19920.00        298.80            20218.80    
16700.00   3340.00         20040.00        300.60            20340.60    
16800.00   3360.00         20160.00        302.40            20462.40    
16900.00   3380.00         20280.00        304.20            20584.20    
17000.00   3400.00         20400.00        306.00            20706.00    
17100.00   3420.00         20520.00        307.80            20827.80    
17200.00   3440.00         20640.00        309.60            20949.60    
17300.00   3460.00         20760.00        311.40            21071.40    
17400.00   3480.00         20880.00        313.20            21193.20    
17500.00   3500.00         21000.00        315.00            21315.00    
17600.00   3520.00         21120.00        316.80            21436.80    
17700.00   3540.00         21240.00        318.60            21558.60    
17800.00   3560.00         21360.00        320.40            21680.40    
17900.00   3580.00         21480.00        322.20            21802.20    
18000.00   3600.00         21600.00        324.00            21924.00    
18100.00   3620.00         21720.00        325.80            22045.80    
18200.00   3640.00         21840.00        327.60            22167.60    
18300.00   3660.00         21960.00        329.40            22289.40    
18400.00   3680.00         22080.00        331.20            22411.20    
18500.00   3700.00         22200.00        333.00            22533.00    
18600.00   3720.00         22320.00        334.80            22654.80    
18700.00   3740.00         22440.00        336.60            22776.60    
18800.00   3760.00         22560.00        338.40            22898.40    
18900.00   3780.00         22680.00        340.20            23020.20    
19000.00   3800.00         22800.00        342.00            23142.00    
19100.00   3820.00         22920.00        343.80            23263.80    
19200.00   3840.00         23040.00        345.60            23385.60    
19300.00   3860.00         23160.00        347.40            23507.40    
19400.00   3880.00         23280.00        349.20            23629.20    
19500.00   3900.00         23400.00        351.00            23751.00    
19600.00   3920.00         23520.00        352.80            23872.80    
19700.00   3940.00         23640.00        354.60            23994.60    
19800.00   3960.00         23760.00        356.40            24116.40    
19900.00   3980.00         23880.00        358.20            24238.20    
20000.00   4000.00         24000.00        360.00            24360.00    
